 nw link hessian full triangle
  2.692214836900000E-002 -0.126403062220000       1.593301196500000E-002
 -5.469763987100000E-002  5.092162440100000E-002  1.405911966600000E-003
 -3.010510735500000E-002  7.221824410800000E-002 -2.476156717800000E-002
  5.967811629800000E-002 -3.320188357300000E-005  2.399395837200000E-003
 -4.570136388300000E-003  2.732422752100000E-003 -5.983266792199999E-004
  3.976471724100000E-003 -9.411258594400000E-004  1.740331887200000E-003
  4.391765562900000E-003 -2.366794189800000E-003 -1.294921531900000E-003
 -5.610413036500000E-003  3.901912739900000E-003  5.175000169800000E-003
 -0.126403062220000       0.263229470440000      -9.156928750300000E-002
  3.800935576000000E-002 -0.212753701720000       9.282765425500000E-002
  4.937529967800000E-002 -4.639382283700000E-002 -1.746446961700000E-002
  3.121383872400000E-002  9.587527385800000E-003  1.609538131300000E-002
  6.975389231200000E-003 -3.046091645100000E-003  1.707142275200000E-003
  5.088211298400000E-003 -6.637710278600000E-003  2.282107509700000E-003
 -3.099569254000000E-003  3.495168173500000E-005 -1.096081608700000E-004
 -1.139577366700000E-003 -4.021564692600000E-003 -3.768207778600000E-003
  1.593301196500000E-002 -9.156928750300000E-002  4.910422929600000E-002
 -1.465600573700000E-002  9.387552137900000E-002 -3.808701679700000E-002
  3.273660450600000E-003  2.256869121600000E-003  1.319024309100000E-002
  2.907057719300000E-003 -9.574044182799999E-003 -3.082411421900000E-002
 -9.752880698300000E-003  5.426843351100000E-003  5.468741388000000E-005
  3.447555714200000E-003 -1.556510984700000E-003  6.793500568500000E-004
 -1.843679953300000E-003  2.201059784400000E-004  2.555712943400000E-003
  7.007582878600001E-004  9.100962341300000E-004  3.346986861000000E-003
 -5.469763987100000E-002  3.800935576000000E-002 -1.465600573700000E-002
  0.267804692960000       1.499719512700000E-002 -6.996293705100000E-002
 -0.141003534700000      -3.047537471800000E-002  3.421168833300000E-002
 -3.871363204300000E-002 -1.825427047100000E-002  3.242554234400000E-002
  6.704527411900000E-003 -1.932706468400000E-003 -7.807997290500000E-004
 -5.540834756000000E-003 -5.764240486300000E-003 -1.840312355000000E-003
 -1.865630971900000E-002  9.483807786900000E-004  1.805831547500000E-002
 -1.587589879500000E-002  2.465182456000000E-003  2.546224079600000E-003
  5.092162440100000E-002 -0.212753701720000       9.387552137900000E-002
  1.499719512700000E-002  0.310627394960000      -0.110334157000000     
 -9.474390502499999E-003 -6.702582755399999E-002  2.787360035500000E-002
 -7.520301914100000E-002 -4.500990899000000E-002  3.113852456000000E-003
 -5.183157232700000E-003  4.246372107300000E-003 -6.154004207600000E-004
 -1.395471693100000E-002  6.279651771500000E-003 -6.031605880800000E-003
  6.211150191900000E-003  4.657413623500000E-003  9.377657435500000E-004
  3.168575477800000E-002 -1.008645103400000E-003 -8.818947011300000E-003
  1.405911966600000E-003  9.282765425500000E-002 -3.808701679700000E-002
 -6.996293705100000E-002 -0.110334157000000       0.119295623800000     
  3.003001375300000E-002  3.504228281400000E-003 -9.765059688800000E-002
  4.511665783800000E-003  1.682678005200000E-002  1.601529753800000E-002
  5.481665112500000E-003 -4.855517337600000E-004  1.476334616300000E-003
 -9.798121448400001E-004 -7.947469005800000E-004  1.482522301000000E-003
  4.360194950600000E-002 -9.323899181100000E-004 -8.329371231900000E-003
 -1.409129284700000E-002 -6.047069332000000E-004  5.815061762300000E-003
 -3.010510735500000E-002  4.937529967800000E-002  3.273660450600000E-003
 -0.141003534700000      -9.474390502499999E-003  3.003001375300000E-002
  0.380153548610000      -3.518312958400000E-002  5.216898954300000E-002
 -7.975115445900000E-002 -7.349528984000001E-002 -2.300777759900000E-002
  2.075971250300000E-003  1.124680182600000E-003  2.950537094300000E-003
  1.087245502400000E-003 -1.055869211200000E-002 -6.251979900200000E-003
 -4.659325474100000E-002  1.843285769000000E-003 -1.070818423900000E-002
 -8.587682264400000E-002  7.638170572800000E-002 -4.845544065300000E-002
  7.221824410800000E-002 -4.639382283700000E-002  2.256869121600000E-003
 -3.047537471800000E-002 -6.702582755399999E-002  3.504228281400000E-003
 -3.518312958400000E-002  0.565829698370000      -1.246233442100000E-002
 -6.605486201200000E-002 -0.188271604100000      -4.580302956100000E-002
  8.643041469300001E-004 -2.893244083000000E-003  1.109147490400000E-003
 -3.769561351200000E-003  9.783267939299999E-004 -5.450061428800000E-003
  9.165736745900000E-004 -6.197987272900000E-002 -3.976618402600000E-002
  6.150354263800000E-002 -0.200262569030000       9.661162892300000E-002
 -2.476156717800000E-002 -1.746446961700000E-002  1.319024309100000E-002
  3.421168833300000E-002  2.787360035500000E-002 -9.765059688800000E-002
  5.216898954300000E-002 -1.246233442100000E-002  0.597190064250000     
 -5.198286074500000E-003 -4.304905559900000E-002 -9.969331182299999E-002
 -6.271221761200000E-003 -3.132274028800000E-002 -2.640996992400000E-003
  6.798880783100000E-003  1.656251720600000E-002  8.551576169399999E-003
 -1.151678121300000E-002 -3.471651310100000E-002 -0.300776137600000     
 -4.543632517700000E-002  9.458165138800000E-002 -0.118171053490000     
  5.967811629800000E-002  3.121383872400000E-002  2.907057719300000E-003
 -3.871363204300000E-002 -7.520301914100000E-002  4.511665783800000E-003
 -7.975115445900000E-002 -6.605486201200000E-002 -5.198286074500000E-003
  0.228808579550000       0.208357519690000      -0.117329192360000     
 -4.027271878200000E-002 -1.285749132900000E-002 -3.427887575300000E-004
 -0.140094717500000      -9.234680570400000E-002  0.113815152380000     
  7.504319830300000E-004 -6.707171098900000E-004 -1.731205883800000E-003
  9.583634521100001E-003  7.561172449000000E-003  3.368703067300000E-003
 -3.320188357300000E-005  9.587527385800000E-003 -9.574044182799999E-003
 -1.825427047100000E-002 -4.500990899000000E-002  1.682678005200000E-002
 -7.349528984000001E-002 -0.188271604100000      -4.304905559900000E-002
  0.208357519690000       0.450294832510000       2.573441281000000E-002
 -1.742426874000000E-002 -6.881389401900000E-002 -7.664196100300000E-002
 -9.421630720500000E-002 -0.130956506650000       9.478730170900000E-002
 -1.094049144500000E-003 -6.919387970500000E-003 -1.908990959300000E-003
 -3.842487136900000E-003 -1.991353478200000E-002 -6.174032537200000E-003
  2.399395837200000E-003  1.609538131300000E-002 -3.082411421900000E-002
  3.242554234400000E-002  3.113852456000000E-003  1.601529753800000E-002
 -2.300777759900000E-002 -4.580302956100000E-002 -9.969331182299999E-002
 -0.117329192360000       2.573441281000000E-002  0.637022790900000     
 -6.398999415400000E-003 -7.064360944500001E-002 -0.338876248580000     
  0.118191210780000       9.285311042699999E-002 -0.182356146660000     
 -1.607215785300000E-002 -3.252325359300000E-002 -6.271142899700000E-003
  9.791309139200000E-003  1.117536930300000E-002  4.980171593900000E-003
 -4.570136388300000E-003  6.975389231200000E-003 -9.752880698300000E-003
  6.704527411900000E-003 -5.183157232700000E-003  5.481665112500000E-003
  2.075971250300000E-003  8.643041469300001E-004 -6.271221761200000E-003
 -4.027271878200000E-002 -1.742426874000000E-002 -6.398999415400000E-003
  2.715469766100000E-002  1.462057256200000E-002  1.330367067500000E-003
  7.960534765100001E-003  3.110512992300000E-003  1.719043763100000E-002
 -9.163178161100000E-004 -2.156424887800000E-003 -1.239866552500000E-003
  1.863357228800000E-003 -8.071404981000000E-004 -3.396065859600000E-004
  2.732422752100000E-003 -3.046091645100000E-003  5.426843351100000E-003
 -1.932706468400000E-003  4.246372107300000E-003 -4.855517337600000E-004
  1.124680182600000E-003 -2.893244083000000E-003 -3.132274028800000E-002
 -1.285749132900000E-002 -6.881389401900000E-002 -7.064360944500001E-002
  1.462057256200000E-002  6.547684094400000E-002  8.232936895000000E-002
 -6.537051680000000E-004  8.080363875500001E-003  1.405231989300000E-002
 -2.977381380900000E-003 -4.572301184000000E-003 -1.746785913500000E-004
 -5.663455110200000E-005  1.521948445200000E-003  8.180799716200000E-004
 -5.983266792199999E-004  1.707142275200000E-003  5.468741388000000E-005
 -7.807997290500000E-004 -6.154004207600000E-004  1.476334616300000E-003
  2.950537094300000E-003  1.109147490400000E-003 -2.640996992400000E-003
 -3.427887575300000E-004 -7.664196100300000E-002 -0.338876248580000     
  1.330367067500000E-003  8.232936895000000E-002  0.347887762530000     
 -2.500135002500000E-003 -6.432742547600000E-003 -9.495385346700001E-003
 -1.567333985600000E-004 -1.102417065700000E-003  1.111162394600000E-003
  9.788124579800000E-005 -3.531392274400000E-004  4.824745493100000E-004
  3.976471724100000E-003  5.088211298400000E-003  3.447555714200000E-003
 -5.540834756000000E-003 -1.395471693100000E-002 -9.798121448400001E-004
  1.087245502400000E-003 -3.769561351200000E-003  6.798880783100000E-003
 -0.140094717500000      -9.421630720500000E-002  0.118191210780000     
  7.960534765100001E-003 -6.537051680000000E-004 -2.500135002500000E-003
  0.133875921460000       0.106628000760000      -0.124667229740000     
  8.943803908500000E-004  2.605124318600000E-004 -1.183948123600000E-004
 -2.159360876600000E-003  6.171193687300000E-004 -1.719099716900000E-004
 -9.411258594400000E-004 -6.637710278600000E-003 -1.556510984700000E-003
 -5.764240486300000E-003  6.279651771500000E-003 -7.947469005800000E-004
 -1.055869211200000E-002  9.783267939299999E-004  1.656251720600000E-002
 -9.234680570400000E-002 -0.130956506650000       9.285311042699999E-002
  3.110512992300000E-003  8.080363875500001E-003 -6.432742547600000E-003
  0.106628000760000       0.123663696060000      -9.966777641100000E-002
  1.394105714400000E-004  7.670984998100000E-004 -4.847398457700000E-004
 -2.675799810600000E-004 -2.174818146200000E-003 -4.789991069300000E-004
  1.740331887200000E-003  2.282107509700000E-003  6.793500568500000E-004
 -1.840312355000000E-003 -6.031605880800000E-003  1.482522301000000E-003
 -6.251979900200000E-003 -5.450061428800000E-003  8.551576169399999E-003
  0.113815152380000       9.478730170900000E-002 -0.182356146660000     
  1.719043763100000E-002  1.405231989300000E-002 -9.495385346700001E-003
 -0.124667229740000      -9.966777641100000E-002  0.180706256000000     
  5.477824085100000E-004  7.938039464300000E-004  4.549658729400000E-004
 -5.341856615000000E-004 -7.659786158700000E-004 -2.328186728400000E-005
  4.391765562900000E-003 -3.099569254000000E-003 -1.843679953300000E-003
 -1.865630971900000E-002  6.211150191900000E-003  4.360194950600000E-002
 -4.659325474100000E-002  9.165736745900000E-004 -1.151678121300000E-002
  7.504319830300000E-004 -1.094049144500000E-003 -1.607215785300000E-002
 -9.163178161100000E-004 -2.977381380900000E-003 -1.567333985600000E-004
  8.943803908500000E-004  1.394105714400000E-004  5.477824085100000E-004
  5.712686766700000E-002  2.394823726300000E-003 -1.906650737800000E-003
  3.003030409000000E-003 -2.491086537800000E-003 -1.265373807500000E-002
 -2.366794189800000E-003  3.495168173500000E-005  2.201059784400000E-004
  9.483807786900000E-004  4.657413623500000E-003 -9.323899181100000E-004
  1.843285769000000E-003 -6.197987272900000E-002 -3.471651310100000E-002
 -6.707171098900000E-004 -6.919387970500000E-003 -3.252325359300000E-002
 -2.156424887800000E-003 -4.572301184000000E-003 -1.102417065700000E-003
  2.605124318600000E-004  7.670984998100000E-004  7.938039464300000E-004
  2.394823726300000E-003  6.279084010700001E-002  4.300017955300000E-002
 -2.537713521100000E-004  5.221652054600000E-003  2.526064913800000E-002
 -1.294921531900000E-003 -1.096081608700000E-004  2.555712943400000E-003
  1.805831547500000E-002  9.377657435500000E-004 -8.329371231900000E-003
 -1.070818423900000E-002 -3.976618402600000E-002 -0.300776137600000     
 -1.731205883800000E-003 -1.908990959300000E-003 -6.271142899700000E-003
 -1.239866552500000E-003 -1.746785913500000E-004  1.111162394600000E-003
 -1.183948123600000E-004 -4.847398457700000E-004  4.549658729400000E-004
 -1.906650737800000E-003  4.300017955300000E-002  0.324977861260000     
 -1.059564821900000E-003 -1.492862042200000E-003 -1.372312462500000E-002
 -5.610413036500000E-003 -1.139577366700000E-003  7.007582878600001E-004
 -1.587589879500000E-002  3.168575477800000E-002 -1.409129284700000E-002
 -8.587682264400000E-002  6.150354263800000E-002 -4.543632517700000E-002
  9.583634521100001E-003 -3.842487136900000E-003  9.791309139200000E-003
  1.863357228800000E-003 -5.663455110200000E-005  9.788124579800000E-005
 -2.159360876600000E-003 -2.675799810600000E-004 -5.341856615000000E-004
  3.003030409000000E-003 -2.537713521100000E-004 -1.059564821900000E-003
  9.507221722299999E-002 -8.762886956599999E-002  5.053147235100000E-002
  3.901912739900000E-003 -4.021564692600000E-003  9.100962341300000E-004
  2.465182456000000E-003 -1.008645103400000E-003 -6.047069332000000E-004
  7.638170572800000E-002 -0.200262569030000       9.458165138800000E-002
  7.561172449000000E-003 -1.991353478200000E-002  1.117536930300000E-002
 -8.071404981000000E-004  1.521948445200000E-003 -3.531392274400000E-004
  6.171193687300000E-004 -2.174818146200000E-003 -7.659786158700000E-004
 -2.491086537800000E-003  5.221652054600000E-003 -1.492862042200000E-003
 -8.762886956599999E-002  0.220637498970000      -0.103450500420000     
  5.175000169800000E-003 -3.768207778600000E-003  3.346986861000000E-003
  2.546224079600000E-003 -8.818947011300000E-003  5.815061762300000E-003
 -4.845544065300000E-002  9.661162892300000E-002 -0.118171053490000     
  3.368703067300000E-003 -6.174032537200000E-003  4.980171593900000E-003
 -3.396065859600000E-004  8.180799716200000E-004  4.824745493100000E-004
 -1.719099716900000E-004 -4.789991069300000E-004 -2.328186728400000E-005
 -1.265373807500000E-002  2.526064913800000E-002 -1.372312462500000E-002
  5.053147235100000E-002 -0.103450500420000       0.117292702090000     
