          ***** CALCULATION OF FORCE CONSTANT  *****




                FORCE CONSTANT MATRIX



             1           2           3           4           5           6
       0.0000E+00  0.0000E+00  0.0000E+00  0.0000E+00  0.0000E+00  0.0000E+00


  1     2.524174  -11.851334    1.493852   -5.128357    4.774324    0.131816
  2     0.000000    0.000000    0.000000    0.000000    0.000000    0.000000
  3     0.000000    0.000000    0.000000    0.000000    0.000000    0.000000
  4     0.000000    0.000000    0.000000    0.000000    0.000000    0.000000
  5     0.000000    0.000000    0.000000    0.000000    0.000000    0.000000
  6     0.000000    0.000000    0.000000    0.000000    0.000000    0.000000
  7     0.000000    0.000000    0.000000    0.000000    0.000000    0.000000
  8     0.000000    0.000000    0.000000    0.000000    0.000000    0.000000
  9     0.000000    0.000000    0.000000    0.000000    0.000000    0.000000
 10     0.000000    0.000000    0.000000    0.000000    0.000000    0.000000
 11     0.000000    0.000000    0.000000    0.000000    0.000000    0.000000
 12     0.000000    0.000000    0.000000    0.000000    0.000000    0.000000
 13     0.000000    0.000000    0.000000    0.000000    0.000000    0.000000
 14     0.000000    0.000000    0.000000    0.000000    0.000000    0.000000
 15     0.000000    0.000000    0.000000    0.000000    0.000000    0.000000
 16     0.000000    0.000000    0.000000    0.000000    0.000000    0.000000
 17     0.000000    0.000000    0.000000    0.000000    0.000000    0.000000
 18     0.000000    0.000000    0.000000    0.000000    0.000000    0.000000
 19     0.000000    0.000000    0.000000    0.000000    0.000000    0.000000
 20     0.000000    0.000000    0.000000    0.000000    0.000000    0.000000
 21     0.000000    0.000000    0.000000    0.000000    0.000000    0.000000
 22     0.000000    0.000000    0.000000    0.000000    0.000000    0.000000
 23     0.000000    0.000000    0.000000    0.000000    0.000000    0.000000
 24     0.000000    0.000000    0.000000    0.000000    0.000000    0.000000


             7           8           9          10          11          12
       0.0000E+00  0.0000E+00  0.0000E+00  0.0000E+00  0.0000E+00  0.0000E+00


  1    -2.822603    6.771059   -2.321602    5.595318   -0.003113    0.224963
  2     0.000000    0.000000    0.000000    0.000000    0.000000    0.000000
  3     0.000000    0.000000    0.000000    0.000000    0.000000    0.000000
  4     0.000000    0.000000    0.000000    0.000000    0.000000    0.000000
  5     0.000000    0.000000    0.000000    0.000000    0.000000    0.000000
  6     0.000000    0.000000    0.000000    0.000000    0.000000    0.000000
  7     0.000000    0.000000    0.000000    0.000000    0.000000    0.000000
  8     0.000000    0.000000    0.000000    0.000000    0.000000    0.000000
  9     0.000000    0.000000    0.000000    0.000000    0.000000    0.000000
 10     0.000000    0.000000    0.000000    0.000000    0.000000    0.000000
 11     0.000000    0.000000    0.000000    0.000000    0.000000    0.000000
 12     0.000000    0.000000    0.000000    0.000000    0.000000    0.000000
 13     0.000000    0.000000    0.000000    0.000000    0.000000    0.000000
 14     0.000000    0.000000    0.000000    0.000000    0.000000    0.000000
 15     0.000000    0.000000    0.000000    0.000000    0.000000    0.000000
 16     0.000000    0.000000    0.000000    0.000000    0.000000    0.000000
 17     0.000000    0.000000    0.000000    0.000000    0.000000    0.000000
 18     0.000000    0.000000    0.000000    0.000000    0.000000    0.000000
 19     0.000000    0.000000    0.000000    0.000000    0.000000    0.000000
 20     0.000000    0.000000    0.000000    0.000000    0.000000    0.000000
 21     0.000000    0.000000    0.000000    0.000000    0.000000    0.000000
 22     0.000000    0.000000    0.000000    0.000000    0.000000    0.000000
 23     0.000000    0.000000    0.000000    0.000000    0.000000    0.000000
 24     0.000000    0.000000    0.000000    0.000000    0.000000    0.000000


            13          14          15          16          17          18
       0.0000E+00  0.0000E+00  0.0000E+00  0.0000E+00  0.0000E+00  0.0000E+00


  1    -0.428488    0.256187   -0.056098    0.372827   -0.088238    0.163171
  2     0.000000    0.000000    0.000000    0.000000    0.000000    0.000000
  3     0.000000    0.000000    0.000000    0.000000    0.000000    0.000000
  4     0.000000    0.000000    0.000000    0.000000    0.000000    0.000000
  5     0.000000    0.000000    0.000000    0.000000    0.000000    0.000000
  6     0.000000    0.000000    0.000000    0.000000    0.000000    0.000000
  7     0.000000    0.000000    0.000000    0.000000    0.000000    0.000000
  8     0.000000    0.000000    0.000000    0.000000    0.000000    0.000000
  9     0.000000    0.000000    0.000000    0.000000    0.000000    0.000000
 10     0.000000    0.000000    0.000000    0.000000    0.000000    0.000000
 11     0.000000    0.000000    0.000000    0.000000    0.000000    0.000000
 12     0.000000    0.000000    0.000000    0.000000    0.000000    0.000000
 13     0.000000    0.000000    0.000000    0.000000    0.000000    0.000000
 14     0.000000    0.000000    0.000000    0.000000    0.000000    0.000000
 15     0.000000    0.000000    0.000000    0.000000    0.000000    0.000000
 16     0.000000    0.000000    0.000000    0.000000    0.000000    0.000000
 17     0.000000    0.000000    0.000000    0.000000    0.000000    0.000000
 18     0.000000    0.000000    0.000000    0.000000    0.000000    0.000000
 19     0.000000    0.000000    0.000000    0.000000    0.000000    0.000000
 20     0.000000    0.000000    0.000000    0.000000    0.000000    0.000000
 21     0.000000    0.000000    0.000000    0.000000    0.000000    0.000000
 22     0.000000    0.000000    0.000000    0.000000    0.000000    0.000000
 23     0.000000    0.000000    0.000000    0.000000    0.000000    0.000000
 24     0.000000    0.000000    0.000000    0.000000    0.000000    0.000000


            19          20          21          22          23          24
       0.0000E+00  0.0000E+00  0.0000E+00  0.0000E+00  0.0000E+00  0.0000E+00


  1     0.411764   -0.221907   -0.121410   -0.526023    0.365837    0.485199
  2     0.000000    0.000000    0.000000    0.000000    0.000000    0.000000
  3     0.000000    0.000000    0.000000    0.000000    0.000000    0.000000
  4     0.000000    0.000000    0.000000    0.000000    0.000000    0.000000
  5     0.000000    0.000000    0.000000    0.000000    0.000000    0.000000
  6     0.000000    0.000000    0.000000    0.000000    0.000000    0.000000
  7     0.000000    0.000000    0.000000    0.000000    0.000000    0.000000
  8     0.000000    0.000000    0.000000    0.000000    0.000000    0.000000
  9     0.000000    0.000000    0.000000    0.000000    0.000000    0.000000
 10     0.000000    0.000000    0.000000    0.000000    0.000000    0.000000
 11     0.000000    0.000000    0.000000    0.000000    0.000000    0.000000
 12     0.000000    0.000000    0.000000    0.000000    0.000000    0.000000
 13     0.000000    0.000000    0.000000    0.000000    0.000000    0.000000
 14     0.000000    0.000000    0.000000    0.000000    0.000000    0.000000
 15     0.000000    0.000000    0.000000    0.000000    0.000000    0.000000
 16     0.000000    0.000000    0.000000    0.000000    0.000000    0.000000
 17     0.000000    0.000000    0.000000    0.000000    0.000000    0.000000
 18     0.000000    0.000000    0.000000    0.000000    0.000000    0.000000
 19     0.000000    0.000000    0.000000    0.000000    0.000000    0.000000
 20     0.000000    0.000000    0.000000    0.000000    0.000000    0.000000
 21     0.000000    0.000000    0.000000    0.000000    0.000000    0.000000
 22     0.000000    0.000000    0.000000    0.000000    0.000000    0.000000
 23     0.000000    0.000000    0.000000    0.000000    0.000000    0.000000
 24     0.000000    0.000000    0.000000    0.000000    0.000000    0.000000





          SYMMETRIZED CARTESIAN FORCE CONSTANT MATRIX



             1           2           3           4           5           6
       0.0000E+00  0.0000E+00  0.0000E+00  0.0000E+00  0.0000E+00  0.0000E+00


  1     2.524174  -11.851334    1.493852   -5.128357    4.774324    0.131816
  2     0.000000   24.679944   -8.585379    3.563692  -19.947422    8.703362
  3     0.000000    0.000000    4.603928   -1.374122    8.801608   -3.570973
  4     0.000000    0.000000    0.000000   25.108909    1.406111   -6.559605
  5     0.000000    0.000000    0.000000    0.000000   29.123892  -10.344741
  6     0.000000    0.000000    0.000000    0.000000    0.000000   11.184953
  7     0.000000    0.000000    0.000000    0.000000    0.000000    0.000000
  8     0.000000    0.000000    0.000000    0.000000    0.000000    0.000000
  9     0.000000    0.000000    0.000000    0.000000    0.000000    0.000000
 10     0.000000    0.000000    0.000000    0.000000    0.000000    0.000000
 11     0.000000    0.000000    0.000000    0.000000    0.000000    0.000000
 12     0.000000    0.000000    0.000000    0.000000    0.000000    0.000000
 13     0.000000    0.000000    0.000000    0.000000    0.000000    0.000000
 14     0.000000    0.000000    0.000000    0.000000    0.000000    0.000000
 15     0.000000    0.000000    0.000000    0.000000    0.000000    0.000000
 16     0.000000    0.000000    0.000000    0.000000    0.000000    0.000000
 17     0.000000    0.000000    0.000000    0.000000    0.000000    0.000000
 18     0.000000    0.000000    0.000000    0.000000    0.000000    0.000000
 19     0.000000    0.000000    0.000000    0.000000    0.000000    0.000000
 20     0.000000    0.000000    0.000000    0.000000    0.000000    0.000000
 21     0.000000    0.000000    0.000000    0.000000    0.000000    0.000000
 22     0.000000    0.000000    0.000000    0.000000    0.000000    0.000000
 23     0.000000    0.000000    0.000000    0.000000    0.000000    0.000000
 24     0.000000    0.000000    0.000000    0.000000    0.000000    0.000000


             7           8           9          10          11          12
       0.0000E+00  0.0000E+00  0.0000E+00  0.0000E+00  0.0000E+00  0.0000E+00


  1    -2.822603    6.771059   -2.321602    5.595318   -0.003113    0.224963
  2     4.629343   -4.349805   -1.637439    2.926556    0.898910    1.509075
  3     0.306933    0.211600    1.236695    0.272561   -0.897646   -2.890016
  4   -13.220250   -2.857319    3.207629   -3.629724   -1.711489    3.040163
  5    -0.888303   -6.284227    2.613381   -7.050906   -4.220052    0.291949
  6     2.815563    0.328550   -9.155552    0.423006    1.577650    1.501567
  7    35.642545   -3.298710    4.891275   -7.477331   -6.890792   -2.157170
  8     0.000000   53.051222   -1.168447   -6.193191  -17.652023   -4.294413
  9     0.000000    0.000000   55.991516   -0.487382   -4.036206   -9.347074
 10     0.000000    0.000000    0.000000   21.452700   19.535244  -11.000584
 11     0.000000    0.000000    0.000000    0.000000   42.218871    2.412814
 12     0.000000    0.000000    0.000000    0.000000    0.000000   59.726164
 13     0.000000    0.000000    0.000000    0.000000    0.000000    0.000000
 14     0.000000    0.000000    0.000000    0.000000    0.000000    0.000000
 15     0.000000    0.000000    0.000000    0.000000    0.000000    0.000000
 16     0.000000    0.000000    0.000000    0.000000    0.000000    0.000000
 17     0.000000    0.000000    0.000000    0.000000    0.000000    0.000000
 18     0.000000    0.000000    0.000000    0.000000    0.000000    0.000000
 19     0.000000    0.000000    0.000000    0.000000    0.000000    0.000000
 20     0.000000    0.000000    0.000000    0.000000    0.000000    0.000000
 21     0.000000    0.000000    0.000000    0.000000    0.000000    0.000000
 22     0.000000    0.000000    0.000000    0.000000    0.000000    0.000000
 23     0.000000    0.000000    0.000000    0.000000    0.000000    0.000000
 24     0.000000    0.000000    0.000000    0.000000    0.000000    0.000000


            13          14          15          16          17          18
       0.0000E+00  0.0000E+00  0.0000E+00  0.0000E+00  0.0000E+00  0.0000E+00


  1    -0.428488    0.256187   -0.056098    0.372827   -0.088238    0.163171
  2     0.654001   -0.285596    0.160059    0.477062   -0.622340    0.213966
  3    -0.914413    0.508812    0.005127    0.323237   -0.145936    0.063695
  4     0.628605   -0.181207   -0.073206   -0.519499   -0.540445   -0.172545
  5    -0.485964    0.398133   -0.057699   -1.308370    0.588769   -0.565513
  6     0.513952   -0.045524    0.138419   -0.091866   -0.074514    0.138999
  7     0.194640    0.105448    0.276637    0.101938   -0.989965   -0.586175
  8     0.081036   -0.271266    0.103992   -0.353428    0.091726   -0.510988
  9    -0.587979   -2.936766   -0.247615    0.637451    1.552873    0.801781
 10    -3.775901   -1.205496   -0.032139  -13.135040   -8.658278   10.671113
 11    -1.633670   -6.451873   -7.185819   -8.833559  -12.278257    8.887095
 12    -0.599959   -6.623424  -31.772456   11.081405    8.705748  -17.097399
 13     2.545978    1.370800    0.124733    0.746366    0.291636    1.611746
 14     0.000000    6.138996    7.719060   -0.061290    0.757601    1.317521
 15     0.000000    0.000000   32.617360   -0.234408   -0.603123   -0.890271
 16     0.000000    0.000000    0.000000   12.551977    9.997258  -11.688586
 17     0.000000    0.000000    0.000000    0.000000   11.594496   -9.344680
 18     0.000000    0.000000    0.000000    0.000000    0.000000   16.942709
 19     0.000000    0.000000    0.000000    0.000000    0.000000    0.000000
 20     0.000000    0.000000    0.000000    0.000000    0.000000    0.000000
 21     0.000000    0.000000    0.000000    0.000000    0.000000    0.000000
 22     0.000000    0.000000    0.000000    0.000000    0.000000    0.000000
 23     0.000000    0.000000    0.000000    0.000000    0.000000    0.000000
 24     0.000000    0.000000    0.000000    0.000000    0.000000    0.000000


            19          20          21          22          23          24
       0.0000E+00  0.0000E+00  0.0000E+00  0.0000E+00  0.0000E+00  0.0000E+00


  1     0.411764   -0.221907   -0.121410   -0.526023    0.365837    0.485199
  2    -0.290610    0.003277   -0.010277   -0.106845   -0.377055   -0.353301
  3    -0.172860    0.020637    0.239619    0.065702    0.085329    0.313808
  4    -1.749184    0.088919    1.693117   -1.488497    0.231131    0.238730
  5     0.582347    0.436671    0.087923    2.970802   -0.094569   -0.826849
  6     4.088044   -0.087419   -0.780948   -1.321175   -0.056696    0.545210
  7    -4.368504    0.172823   -1.003981   -8.051664    7.161418   -4.543099
  8     0.085936   -5.811127   -3.728409    5.766467  -18.776275    9.058141
  9    -1.079794   -3.254961  -28.200255   -4.260032    8.867813  -11.079515
 10     0.070359   -0.062885   -0.162315    0.898545    0.708923    0.315844
 11    -0.102576   -0.648750   -0.178984   -0.360265   -1.867059   -0.578867
 12    -1.506898   -3.049324   -0.587972    0.918016    1.047783    0.466932
 13    -0.085912   -0.202183   -0.116248    0.174705   -0.075676   -0.031841
 14    -0.279154   -0.428691   -0.016378   -0.005310    0.142695    0.076702
 15    -0.014695   -0.103361    0.104181    0.009177   -0.033110    0.045236
 16     0.083856    0.024425   -0.011100   -0.202458    0.057860   -0.016118
 17     0.013071    0.071922   -0.045448   -0.025088   -0.203907   -0.044910
 18     0.051359    0.074426    0.042657   -0.050084   -0.071817   -0.002183
 19     5.356117    0.224535   -0.178764    0.281559   -0.233560   -1.186393
 20     0.000000    5.887161    4.031623   -0.023793    0.489573    2.368395
 21     0.000000    0.000000   30.469367   -0.099343   -0.139968   -1.286657
 22     0.000000    0.000000    0.000000    8.913808   -8.215932    4.737744
 23     0.000000    0.000000    0.000000    0.000000   20.686593   -9.699341
 24     0.000000    0.000000    0.000000    0.000000    0.000000   10.997163





          EIGENVECTORS OF CARTESIAN FORCE CONSTANT MATRIX



             1           2           3           4           5           6
      -7.6517E+00 -6.1441E-01 -5.8766E-04  2.6066E-04  4.1116E-04  1.2048E-01


  1    -0.726643   -0.136431    0.265051    0.228380    0.050270   -0.207210
  2    -0.311055    0.041128   -0.233807    0.257359    0.058926   -0.390847
  3    -0.176604    0.361015    0.001287   -0.077249    0.344425    0.041716
  4     0.003000   -0.059976    0.264547    0.229170    0.050119    0.181099
  5     0.129028   -0.150409   -0.233908    0.257469    0.058927   -0.332369
  6     0.162723   -0.346658    0.001056   -0.077201    0.344488    0.057490
  7     0.031032   -0.000057    0.264637    0.229166    0.050300    0.185637
  8     0.136375    0.063418   -0.234200    0.258139    0.058892   -0.010495
  9    -0.022664   -0.206915    0.001256   -0.077354    0.345008   -0.004808
 10     0.425327    0.026279    0.265067    0.228402    0.050216   -0.177908
 11    -0.057008   -0.042821   -0.234470    0.258508    0.058910    0.137949
 12     0.052481    0.213736    0.001705   -0.077574    0.345108   -0.028786
 13     0.100534    0.133752    0.264923    0.228395    0.049932   -0.282213
 14     0.021950   -0.318311   -0.234691    0.258635    0.058947    0.160454
 15     0.027567    0.279415    0.001769   -0.077608    0.345112   -0.032217
 16     0.264501   -0.075732    0.265342    0.227957    0.050432   -0.332610
 17    -0.024444    0.158452   -0.234503    0.258857    0.058878    0.325188
 18    -0.003529    0.279962    0.001935   -0.077709    0.345286   -0.022230
 19    -0.034302    0.171093    0.264721    0.229143    0.050727    0.188939
 20     0.057565    0.302968   -0.233877    0.258043    0.058771   -0.016425
 21    -0.005744   -0.238199    0.001212   -0.077342    0.345044   -0.004666
 22    -0.063450   -0.060079    0.264235    0.229739    0.050088    0.442950
 23     0.047824   -0.052439   -0.234501    0.258468    0.058952    0.119872
 24    -0.034235   -0.342435    0.001080   -0.077297    0.345290   -0.005045


             7           8           9          10          11          12
       3.9623E-01  5.8615E-01  2.5242E+00  3.1211E+00  4.8247E+00  6.9969E+00


  1    -0.095696    0.133701    0.126512   -0.165902    0.046443    0.003382
  2    -0.004488   -0.034695   -0.032091    0.184682    0.052421   -0.110070
  3     0.333659    0.247059   -0.465636    0.463847    0.193912   -0.043825
  4    -0.011870    0.168347    0.053738    0.008717    0.176609   -0.144791
  5    -0.037500    0.014677    0.170435    0.053504    0.095048   -0.202901
  6     0.147167    0.460619    0.142111   -0.039039    0.131153   -0.236266
  7    -0.047003   -0.014389    0.034716   -0.036030    0.111534   -0.065841
  8    -0.003856    0.007124    0.001798    0.056316   -0.084986   -0.063200
  9     0.043301   -0.053454   -0.034502   -0.174562   -0.038662   -0.021907
 10     0.052759    0.002237    0.014801   -0.003491    0.262341   -0.121197
 11     0.013641   -0.028000    0.011125    0.037266   -0.037320    0.097160
 12    -0.088095   -0.064059   -0.018037   -0.220062   -0.052157    0.035808
 13     0.661216   -0.140555    0.117025   -0.163969   -0.213152    0.384315
 14    -0.038937   -0.029356   -0.547110   -0.278110    0.199125    0.445902
 15    -0.090703   -0.062249    0.136617   -0.153358   -0.114993   -0.043899
 16    -0.412039    0.144790   -0.158013    0.280093   -0.056184    0.221610
 17     0.104742   -0.077040    0.472631    0.067087    0.466924    0.183211
 18    -0.436812    0.019043    0.197018    0.040224    0.030822    0.402706
 19    -0.124275   -0.536487   -0.245329   -0.041546    0.119655   -0.357054
 20    -0.049090    0.243771   -0.146387   -0.480169   -0.253726   -0.306077
 21     0.049937   -0.105536   -0.006441   -0.103258   -0.028951    0.011724
 22    -0.022245    0.242650    0.056303    0.122542   -0.447248    0.079512
 23     0.013982   -0.095910    0.070040    0.359046   -0.437426   -0.044060
 24     0.043824   -0.439245    0.048618    0.186499   -0.120986   -0.104418


            13          14          15          16          17          18
       9.2572E+00  1.0967E+01  1.3881E+01  1.6079E+01  2.1032E+01  2.7118E+01


  1    -0.095136   -0.108006   -0.124825    0.017586   -0.306275   -0.123290
  2     0.286568   -0.044331    0.150801   -0.116481    0.216441    0.093236
  3    -0.063959   -0.056380    0.044092    0.027179    0.014800   -0.004570
  4    -0.152853    0.007441   -0.332177    0.119310    0.154191    0.462074
  5     0.271056    0.124664   -0.019427   -0.163640    0.294510    0.038016
  6    -0.053071    0.377094   -0.144408   -0.264450   -0.110648   -0.215200
  7    -0.019227   -0.112592   -0.101782    0.173660    0.350602    0.214982
  8     0.046023    0.076191   -0.128869    0.227224   -0.164906    0.207160
  9     0.052355    0.018771    0.285240    0.148839   -0.058002    0.052706
 10     0.153328   -0.494135    0.059366   -0.058999   -0.276557   -0.053167
 11    -0.095910    0.250284   -0.075813    0.470639    0.197856   -0.207351
 12     0.223012   -0.143171   -0.236077   -0.004218   -0.014261   -0.033536
 13    -0.091540    0.223904   -0.036728   -0.098399    0.057299    0.038279
 14     0.105426   -0.104567   -0.187144   -0.192968   -0.004933   -0.057719
 15     0.227194   -0.086758   -0.337531    0.269253    0.071927   -0.375848
 16    -0.250950    0.134033    0.169976    0.224768   -0.027488   -0.273298
 17    -0.124236   -0.092070    0.269939   -0.003816   -0.116795   -0.213431
 18    -0.098177    0.165036    0.018046   -0.359975    0.028415    0.330215
 19     0.070576    0.459971    0.072928   -0.200532   -0.152444   -0.120998
 20    -0.434319   -0.128397    0.267652   -0.110954    0.054850    0.013915
 21     0.149142    0.052886    0.402135    0.349604   -0.237224    0.366697
 22     0.385830   -0.110551    0.293209   -0.177385    0.200707   -0.144527
 23    -0.054591   -0.081793   -0.277149   -0.110044   -0.477025    0.126146
 24    -0.436521   -0.327430   -0.031506   -0.166254    0.304988   -0.120474


            19          20          21          22          23          24
       4.3609E+01  5.8125E+01  6.0589E+01  8.0404E+01  8.4343E+01  9.4303E+01


  1     0.173910    0.145293    0.104988   -0.064011   -0.025454    0.006331
  2    -0.252464   -0.541048   -0.155987    0.015314    0.126355   -0.016051
  3     0.104249    0.208082    0.027974    0.006245   -0.046616    0.030485
  4    -0.591767    0.094520    0.085098    0.042677    0.001694   -0.038851
  5     0.140079    0.629320    0.031396    0.077258   -0.122632   -0.006365
  6     0.080213   -0.265650   -0.099212   -0.079571    0.089269   -0.036528
  7     0.589317   -0.213449   -0.401153    0.161714   -0.118085    0.034996
  8     0.198555   -0.237657    0.416152   -0.476339   -0.441446   -0.026969
  9    -0.080154   -0.115994    0.281659    0.601744   -0.375584    0.279540
 10     0.068287   -0.061177    0.223073   -0.006268    0.333200    0.228146
 11     0.108816   -0.004359    0.306335    0.134798    0.569411    0.089258
 12     0.046418   -0.041122    0.150624    0.219395    0.072489   -0.744151
 13    -0.026144   -0.012831   -0.032098   -0.011075   -0.022957   -0.004759
 14    -0.059761    0.032218   -0.116100   -0.071873   -0.056737    0.073042
 15    -0.229616    0.053699   -0.289564   -0.182047   -0.130953    0.379233
 16    -0.123318   -0.007300   -0.140669    0.038711   -0.170383   -0.202375
 17    -0.122329    0.018603   -0.120519    0.027153   -0.180633   -0.165902
 18     0.115197   -0.010465    0.126716   -0.043260    0.165680    0.256390
 19    -0.025252    0.007177    0.014828   -0.025399    0.012160    0.006974
 20    -0.029385    0.054574   -0.093519   -0.018808    0.052011    0.009288
 21    -0.020789    0.184268   -0.317877   -0.304364    0.227967   -0.114463
 22    -0.065084    0.047754    0.145944   -0.136363   -0.010185   -0.030466
 23     0.016519    0.048364   -0.267776    0.312509    0.053675    0.043699
 24    -0.015513   -0.012819    0.119678   -0.218144   -0.002250   -0.050504
